248.3766999
196.8075023
161.2260444
139.5057406
124.5234591
113.7328419
105.3271721
98.85419728
93.52127205
89.04510091
85.13834757
78.92411104
76.42092011
72.07932791
68.59990514
65.61375298
61.69606674
59.41532941
55.51388962
53.1362881
50.38636775
47.63600815
45.22498329
43.13215083
40.63114684
38.53850974
36.31868906
33.98174982
31.72067091
29.87147189
28.10333909
26.47688047
25.23411613
24.23753465
23.28849431
22.33356116
21.3035802
20.30187593
19.24949913
18.23299976
17.34278435
16.52036177
15.72206004
14.95511681
14.23997436
13.510227
12.7586838
12.05726953
11.42290121
10.80985181
10.19438222
9.637210898
9.090377753
8.54611076
8.006279921
7.483440767
7.029350357
6.554619846
6.139848608
5.727810705
5.316962375
4.967517764
4.623016732
4.389532755
4.126770187
3.896182476
3.693989708
3.542015605
3.410063685
3.31089224
3.241630308
3.163567521
3.169892588
3.143105151
3.103318787
3.009473781
2.88529776
2.762430845
2.596278889
2.443472934
2.308873827
2.181006101
2.075565295
1.939947672
1.743267029
1.653611824
1.621889777
1.60796359
1.497023972
1.509826488
