318.9643237
222.9769698
181.3571343
156.7550966
140.0424988
127.741341
118.1999151
110.5200098
104.165728
98.79493282
94.17758144
86.60311637
83.44247434
78.03766949
73.56334171
69.77990291
65.06111538
62.39997009
57.93060777
55.14497071
51.98802788
48.71240458
45.98720858
43.67377029
40.95282383
38.68463343
36.50355368
34.44254852
32.34235738
30.58514559
28.83724437
27.15093993
25.55698533
24.07048269
22.69608231
21.43195541
20.18777582
19.03165955
17.93521971
16.88504622
15.91776363
15.01334977
14.14611992
13.32932466
12.56906343
11.8498176
11.17111064
10.53255487
9.928621663
9.36080629
8.826000989
8.32245666
7.851490285
7.405030244
6.986080015
6.591511444
6.219648934
5.870561086
5.542369496
5.233291909
4.942942681
4.670006511
4.413317294
4.172545347
3.946533758
3.734367435
3.535307668
3.348577141
3.173712692
3.010046257
2.856783208
2.713541372
2.579721984
2.454740741
2.338242852
2.229716113
2.128745083
2.034925236
1.947818318
1.867105274
1.792398367
1.723365066
1.659681341
1.601026156
1.547089509
1.497590697
1.452233547
1.41075183
1.372887478
1.338383157
