0.03410985599
0.02431487003
0.01964330329
0.01703164261
0.01528980736
0.01398305129
0.01287212697
0.01199624948
0.01129504017
0.01072447031
0.01019761368
0.009377821341
0.009053801769
0.008455159106
0.007977961419
0.00754901366
0.007036075881
0.006750252612
0.006272606473
0.005970545818
0.005636284688
0.005294875694
0.005009046896
0.004765843173
0.004484077485
0.004251972681
0.004031291869
0.003823584435
0.003620777253
0.003453901283
0.003291851601
0.003140320668
0.003007788005
0.002890612446
0.0027902817
0.002704928573
0.002636235556
0.002581518444
0.002539651428
0.002515492758
0.002507098146
0.002511656818
0.002525694959
0.002548042559
0.002577732802
0.002612438519
0.002653158116
0.002698140324
0.002745088246
0.002795047998
0.002846993674
0.002897353049
0.002945141511
0.002992162114
0.003036442402
0.003076328673
0.003111010123
0.003140929721
0.003168019296
0.003189317344
0.003198980599
0.003196275628
0.003187384614
0.00317596162
0.003157080934
0.003137850303
0.003117963461
0.00308405366
0.003016117764
0.002906516029
0.002729517464
0.002502138346
0.002255900754
0.002021661464
0.001804311106
0.001591661467
0.001405177462
0.001264283728
0.001182074526
0.001158032698
0.001156852861
0.001103078018
0.001057852855
0.0009772161391
0.0008877352455
0.0007704469098
0.0006659438613
0.0005957691612
0.0005485359322
0.0004208576237
