0.02632182827
0.0186236204
0.01522161752
0.01319780506
0.01182511506
0.01079122484
0.009991999282
0.009350138963
0.008809461658
0.008355346634
0.007970744217
0.007331273384
0.007061887878
0.006602433477
0.006226143826
0.005902975337
0.005493570905
0.005266401452
0.004891179473
0.004656861726
0.004389303067
0.004111389946
0.003881263574
0.003682507452
0.003446555742
0.003253030929
0.003068981048
0.002895024805
0.002718425757
0.002570588735
0.002417333359
0.002265543017
0.002126920043
0.002005637239
0.001890300426
0.001791679015
0.001694435006
0.001605201996
0.001517442491
0.001431726256
0.00135080687
0.001270018269
0.001194229656
0.001121713625
0.001053587541
0.0009869811254
0.000925836284
0.0008714844518
0.0008191390344
0.0007723840663
0.0007258582246
0.0006848442695
0.0006441520259
0.0006065086251
0.0005766994644
0.0005485139874
0.0005257541398
0.0005051069938
0.0004917428894
0.000480844307
0.0004699863767
0.0004588908355
0.0004451252936
0.0004319443524
0.0004174163446
0.000403941318
0.0003952338843
0.0003880772869
0.0003837689611
0.0003806302609
0.0003795461126
0.0003799489834
0.0003796869308
0.0003782361352
0.0003793219317
0.0003779697932
0.0003826551083
0.0003907744494
0.0004011613581
0.0004151410512
0.0004185590692
0.0004219840293
0.0004232335785
0.0004105441765
0.0004054835757
0.0004102563906
0.0004155756211
0.0004280880774
0.0004637877022
0.000518350454
