0.02654913024
0.01837789642
0.01489638727
0.01285314988
0.01147064316
0.01045563318
0.009669719612
0.009037953248
0.008515752874
0.008074721833
0.007695801771
0.007074663505
0.006815636201
0.006372895004
0.006006560558
0.005696916757
0.005310873733
0.005093236906
0.004727828412
0.004500146298
0.004242176741
0.003974576962
0.003751996957
0.003563086175
0.003340947704
0.003155816321
0.002977837964
0.002809703261
0.002638427162
0.002495175567
0.002352744969
0.002215409599
0.002085685898
0.001964813044
0.001853177489
0.001750637244
0.001649888697
0.001556478664
0.001468139414
0.0013838349
0.00130654343
0.001234694766
0.001166311375
0.001102519641
0.001043861879
0.0009892214999
0.0009386741988
0.0008923109775
0.0008498716268
0.0008116178922
0.0007775016824
0.0007475878658
0.0007221107163
0.0007008140955
0.0006840286123
0.0006717675569
0.000664112927
0.0006611444829
0.0006628639536
0.0006692743812
0.0006803289952
0.0006959715415
0.0007161440395
0.0007407128117
0.0007696133934
0.0008027917444
0.0008402011429
0.0008818390038
0.0009276664738
0.0009777211957
0.001032139814
0.001090969087
0.001154372309
0.001222572289
0.001295718003
0.001374091126
0.001457967653
0.001547665199
0.0016436007
0.001746128877
0.001855745634
0.001972951544
0.00209830649
0.002232451692
0.002376108553
0.002530029041
0.002695133629
0.002872389401
0.003062879028
0.003267868524
