272.6617418
192.8011077
157.4216584
136.3313612
121.9386682
111.3144439
103.0573167
96.40144994
90.88830769
86.22436136
82.21183841
75.62414231
72.87336761
68.16701956
64.26869569
60.97084071
56.85588559
54.53443104
50.63428497
48.20264383
45.44619097
42.58537009
40.20472109
38.18339121
35.80557485
33.82307056
31.91641224
30.11445994
28.27798677
26.74122189
25.21241161
23.73729365
22.34278613
21.04212335
19.83939785
18.73303262
17.6439814
16.63187034
15.67185825
14.75220523
13.90499095
13.11269055
12.35280501
11.63694382
10.97045876
10.33975009
9.744400449
9.184071527
8.653912744
8.155237391
7.685318062
7.242619198
6.828302687
6.435269224
6.066162788
5.718230236
5.389994861
5.08151973
4.791149016
4.517308336
4.259659125
4.017038742
3.7884147
3.573499315
3.37126778
3.180909147
3.001769516
2.833159546
2.67467369
2.525722212
2.385598869
2.253973864
2.130320497
2.014124724
1.905086776
1.802762193
1.706798531
1.616855941
1.532563867
1.453669113
1.379854754
1.310860488
1.246437696
1.186343751
1.130349992
1.078261192
1.02986899
0.9849997258
0.9434922726
0.9051902431
