0.04961947175
0.0286301133
0.02134949077
0.01755796071
0.01519164029
0.01355402429
0.01234240795
0.01140315769
0.010649588
0.01002886172
0.009506819411
0.008673117669
0.008333392295
0.007763356009
0.007301722196
0.006918543866
0.006449795267
0.006189931734
0.00576083297
0.005498109887
0.005204861697
0.004905803225
0.004661222869
0.004456763218
0.00422023141
0.004026534062
0.003843486726
0.003673641844
0.003503966709
0.003364876416
0.003229365243
0.0031015666
0.002983673236
0.002876516633
0.002780059715
0.002693761366
0.002611283469
0.002537010637
0.002468846934
0.002405794158
0.002349791257
0.002299346974
0.002252826442
0.002210763486
0.002173221396
0.002139203911
0.002108501248
0.002080905516
0.002056001329
0.002033683246
0.00201366544
0.00199573242
0.001979783353
0.001965416541
0.001952615021
0.001941172059
0.001930941728
0.001921834843
0.001913718058
0.001906473249
0.001900024241
0.001894280457
0.00188916288
0.001884615359
0.001880571125
0.001876974152
0.001873776604
0.001870934563
0.001868412865
0.001866176761
0.001864193483
0.001862438891
0.00186088884
0.001859522249
0.001858323112
0.001857276133
0.001856369458
0.001855593751
0.001854941989
0.001854410802
0.001853999301
0.001853710377
0.001853550889
0.001853532394
0.001853672179
0.001853994374
0.001854531731
0.001855327427
0.001856437629
0.001857935132
