259.7657673
201.9583489
164.6625656
142.979341
127.828133
116.4773636
107.5012059
100.1137441
94.24231979
89.41525403
85.349428
78.86437269
76.29058368
71.86646181
68.22464115
65.0721298
61.05936659
58.72368344
54.65137712
52.0669911
49.02904818
45.9083448
43.1731323
40.69238842
37.99255732
35.88645708
33.85940771
31.93429436
30.15858301
28.78410903
27.33478981
25.85102026
24.4860801
23.23977367
22.03340297
20.89309475
19.75495356
18.73730189
17.7749916
16.89651991
16.08636145
15.35998946
14.62417346
13.8778245
13.18560733
12.51544043
11.8765617
11.25476122
10.6265491
10.06280202
9.529416777
9.076173639
8.698603349
8.347086592
8.024505898
7.70374262
7.419866479
7.110394657
6.760833018
6.384244802
6.012316452
5.609874625
5.260728349
4.950416819
4.657503297
4.387895431
4.134111039
3.93068614
3.667898297
3.395364725
3.118898735
2.872650026
2.706453368
2.514175882
2.345621885
2.2237088
2.212647585
2.14821831
2.065080992
2.013526776
1.986225116
1.919783384
1.789327617
1.696510401
1.610159722
1.502421306
1.440239197
1.319127994
1.09094586
0.8539874086
