0.02547821863
0.01803647389
0.01479274633
0.01289796927
0.01160492235
0.01062728266
0.009848525405
0.009196535511
0.008637458607
0.008160712313
0.007747574028
0.007078282986
0.006807007744
0.006353358037
0.00598251998
0.005674249952
0.005296044258
0.005076639376
0.004702487392
0.004471720839
0.004220005084
0.003961769359
0.00374260001
0.003561597448
0.003340873944
0.00315674054
0.00298153639
0.002809448928
0.002628445802
0.002481702966
0.002341592305
0.002204723038
0.002073424891
0.00195374378
0.00184394305
0.001740281253
0.001638728082
0.001546095323
0.001455619509
0.001367901925
0.00128966092
0.001213800211
0.001137650686
0.001069973051
0.001012878645
0.0009615059473
0.0009140325687
0.0008756572952
0.0008457838891
0.0008199943863
0.000793542654
0.0007675477871
0.0007418351787
0.0007125953568
0.0006855664393
0.0006638161699
0.0006468529528
0.0006378423297
0.000641662756
0.0006520596807
0.00066310752
0.0006768300539
0.0006959028842
0.0007164856767
0.0007362535311
0.0007623046237
0.0008008239042
0.0008491196664
0.000905482056
0.000964037367
0.001030329429
0.00109987265
0.001170447807
0.001241468585
0.00131788286
0.001398815055
0.001484497429
0.001574345734
0.001668485763
0.001770725928
0.001880373142
0.001994999851
0.002105020423
0.002212479224
0.002337269704
0.002485310855
0.002642117942
0.002824751743
0.003049772104
0.003318775395
