321.2405264
224.6449063
182.7364279
157.9580096
141.1235281
128.7317416
119.1195578
111.382448
104.9806922
99.56968666
94.91771639
87.28639274
84.10201121
78.65661158
74.14869635
70.33688548
65.58277294
62.90174842
58.39909364
55.59278324
52.41250343
49.11279485
46.36768561
44.03745181
41.29690701
39.01253487
36.81605657
34.74067561
32.62604632
30.85695077
29.09744191
27.40017979
25.79612862
24.30048445
22.9179142
21.64655874
20.39558364
19.23349116
18.13174332
17.07687823
16.10568022
15.1980256
14.3281429
13.50933447
12.74770393
12.02769617
11.34883654
10.71073473
10.10786529
9.541719172
9.009191149
8.508533692
8.041041063
7.598692642
7.184458892
6.79523144
6.429346253
6.086853144
5.765885254
5.464677976
5.182829813
4.919031813
4.672123109
4.441744794
4.226739917
4.026184618
3.839321144
3.66535345
3.503774216
3.353879895
3.214850722
3.086239619
2.967398569
2.85769232
2.756684945
2.663800156
2.578545231
2.500436682
2.428965474
2.363724081
2.30425308
2.250143914
2.201001853
2.156443249
2.116102999
2.079648663
2.046747722
2.017101485
1.990428833
1.966461
