217.5893816
174.3977173
144.5690313
126.2067937
113.2449875
103.5728547
95.85433041
89.59210297
84.57640779
80.35966424
76.70747701
70.81819276
68.42186945
64.28048076
60.64958408
57.54585362
53.55825478
51.35603627
47.78261332
45.53679955
42.72440103
39.80981862
37.29315909
35.11699244
32.79433301
30.93649684
29.34989121
27.86958647
26.40453908
25.07224065
23.72306652
22.42713675
21.20946295
20.16198747
19.26682275
18.41186703
17.5378314
16.75652042
15.99659282
15.26119189
14.53774239
13.85812634
13.1824724
12.47537191
11.7776379
11.08883644
10.45378449
9.864173819
9.317858601
8.811512994
8.317351841
7.849212235
7.394379165
6.971707697
6.568841216
6.213056771
5.879661896
5.574837111
5.287569593
4.988116339
4.707616995
4.44539498
4.231604067
4.052934566
3.900020909
3.769599189
3.590869195
3.405183949
3.162568831
2.903763507
2.666808589
2.462758947
2.358143325
2.300991311
2.309103618
2.281986076
2.219935463
2.04516116
1.865163245
1.643900284
1.40318998
1.213691635
1.096668872
1.079948612
1.012999967
0.9987042581
0.9286352853
0.871922801
0.8896357346
0.9073427954
