0.02717614332
0.01884098575
0.01528036426
0.013188459
0.0117721965
0.01073202625
0.009926434803
0.009278738538
0.008743303584
0.008291052603
0.007902465036
0.007265432328
0.006999762353
0.006545652377
0.006169901176
0.005852294322
0.005456323799
0.005233092667
0.004858299895
0.004624778559
0.004360203287
0.004085765743
0.003857511983
0.003663796888
0.003436023489
0.003246208322
0.003063737397
0.002891366386
0.002715779388
0.002568921378
0.002422897695
0.00228208134
0.002149041483
0.002025036818
0.001910451366
0.001805127319
0.001701540424
0.00160536497
0.001514238505
0.00142704986
0.00134683933
0.00127194252
0.001200234737
0.001132815727
0.001070188022
0.001011073268
0.0009554354977
0.0009032454244
0.0008540547913
0.000807989482
0.0007648009804
0.0007243528087
0.0006867538683
0.0006513661488
0.0006184365547
0.0005877265715
0.0005591165428
0.0005326224178
0.0005081124244
0.000485467895
0.0004646764258
0.0004456602583
0.0004283574917
0.0004127652399
0.0003988276737
0.0003865097348
0.000375790643
0.0003666507766
0.0003590876153
0.0003530889047
0.0003486417008
0.0003457479056
0.0003444029427
0.0003446062052
0.0003463580645
0.0003496598449
0.0003545137105
0.0003609232467
0.0003688993416
0.0003784476679
0.0003895856163
0.0004023310954
0.0004167072769
0.000432745276
0.0004504839716
0.0004699630021
0.0004912390545
0.0005143693135
0.0005394184465
0.0005664656657
