0.00511645614
0.01023291228
0.01534936842
0.02046582456
0.0255822807
0.03069873684
0.03581519298
0.04093164912
0.04604810526
0.0511645614
0.05628101754
0.06651392982
0.07163038596
0.08186329824
0.09209621052
0.1023291228
0.1176784912
0.1279114035
0.1483772281
0.1637265965
0.184192421
0.2097747017
0.2353569824
0.2609392631
0.2967544561
0.3325696491
0.3735012982
0.4195494035
0.475830421
0.5321114385
0.5986253683
0.6753722104
0.7623519648
0.8595646315
0.9670102104
1.084688702
1.222833017
1.376326702
1.55028621
1.749828
1.969835614
2.215425509
2.496830596
2.814050877
3.16708635
3.566169929
4.01641807
4.522947228
5.095990315
5.740663789
6.467200561
7.285833543
8.201679192
9.240319788
10.40687179
11.72180102
13.2055733
14.873538
16.7512774
18.86949024
21.2537588
23.93989828
26.96884031
30.3764001
34.21374221
38.53714764
43.40801389
48.89797133
55.07865034
62.03703069
69.88055796
78.71156125
88.65795199
99.86810739
112.4904047
126.7090363
142.723544
160.7590519
181.0816157
203.967524
229.7493465
258.7903515
291.4998556
328.3434563
369.8481485
416.5920918
469.2506584
528.5657344
595.3713022
670.6241391
